ply
format ascii 1.0
element vertex 192
property float x
property float y
property float z
property uchar red
property uchar green
property uchar blue
element face 316
property list uchar int vertex_index
end_header
0 29 0 255 255 255
0 29 24 255 255 255
0 30 24 255 255 255
0 30 0 255 255 255
48 29 0 255 255 255
48 29 24 255 255 255
48 30 24 255 255 255
48 30 0 255 255 255
0 25 0 0 0 255
0 25 2 0 0 255
0 29 2 0 0 255
0 29 0 0 0 255
48 25 0 0 0 255
48 25 2 0 0 255
48 29 2 0 0 255
48 29 0 0 0 255
0 25 22 0 0 255
0 25 24 0 0 255
0 29 24 0 0 255
0 29 22 0 0 255
48 25 22 0 0 255
48 25 24 0 0 255
48 29 24 0 0 255
48 29 22 0 0 255
0 25 2 255 0 0
0 25 22 255 0 0
0 29 22 255 0 0
0 29 2 255 0 0
2 25 2 255 0 0
2 25 22 255 0 0
2 29 22 255 0 0
2 29 2 255 0 0
46 25 2 255 0 0
46 25 22 255 0 0
46 29 22 255 0 0
46 29 2 255 0 0
48 25 2 255 0 0
48 25 22 255 0 0
48 29 22 255 0 0
48 29 2 255 0 0
2 25 11 0 0 255
2 25 13 0 0 255
2 29 13 0 0 255
2 29 11 0 0 255
46 25 11 0 0 255
46 25 13 0 0 255
46 29 13 0 0 255
46 29 11 0 0 255
2.1 0 0 0 255 0
2.1 29 20 0 255 0
2.1 29 24 0 255 0
2.1 0 4 0 255 0
4.1 0 0 0 255 0
4.1 29 20 0 255 0
4.1 29 24 0 255 0
4.1 0 4 0 255 0
2 0 24 255 255 0
2 0 20 255 255 0
2 29 0 255 255 0
2 29 4 255 255 0
4 0 24 255 255 0
4 0 20 255 255 0
4 29 0 255 255 0
4 29 4 255 255 0
43.9 0 0 0 255 0
43.9 29 20 0 255 0
43.9 29 24 0 255 0
43.9 0 4 0 255 0
45.9 0 0 0 255 0
45.9 29 20 0 255 0
45.9 29 24 0 255 0
45.9 0 4 0 255 0
44 0 24 255 255 0
44 0 20 255 255 0
44 29 0 255 255 0
44 29 4 255 255 0
46 0 24 255 255 0
46 0 20 255 255 0
46 29 0 255 255 0
46 29 4 255 255 0
1.75 14.5 11.75 255 255 255
1.75 14.676776695296637 11.823223304703363 255 255 255
1.75 14.75 12 255 255 255
1.75 14.676776695296637 12.176776695296637 255 255 255
1.75 14.5 12.25 255 255 255
1.75 14.323223304703363 12.176776695296637 255 255 255
1.75 14.25 12 255 255 255
1.75 14.323223304703363 11.823223304703363 255 255 255
4.25 14.5 11.75 255 255 255
4.25 14.676776695296637 11.823223304703363 255 255 255
4.25 14.75 12 255 255 255
4.25 14.676776695296637 12.176776695296637 255 255 255
4.25 14.5 12.25 255 255 255
4.25 14.323223304703363 12.176776695296637 255 255 255
4.25 14.25 12 255 255 255
4.25 14.323223304703363 11.823223304703363 255 255 255
-0.25 27 3.75 255 255 255
-0.25 27.17677669529664 3.823223304703363 255 255 255
-0.25 27.25 4 255 255 255
-0.25 27.17677669529664 4.1767766952966365 255 255 255
-0.25 27 4.25 255 255 255
-0.25 26.82322330470336 4.1767766952966365 255 255 255
-0.25 26.75 4 255 255 255
-0.25 26.82322330470336 3.823223304703363 255 255 255
4.25 27 3.75 255 255 255
4.25 27.17677669529664 3.823223304703363 255 255 255
4.25 27.25 4 255 255 255
4.25 27.17677669529664 4.1767766952966365 255 255 255
4.25 27 4.25 255 255 255
4.25 26.82322330470336 4.1767766952966365 255 255 255
4.25 26.75 4 255 255 255
4.25 26.82322330470336 3.823223304703363 255 255 255
-0.25 27 19.75 255 255 255
-0.25 27.17677669529664 19.82322330470336 255 255 255
-0.25 27.25 20 255 255 255
-0.25 27.17677669529664 20.17677669529664 255 255 255
-0.25 27 20.25 255 255 255
-0.25 26.82322330470336 20.17677669529664 255 255 255
-0.25 26.75 20 255 255 255
-0.25 26.82322330470336 19.82322330470336 255 255 255
4.25 27 19.75 255 255 255
4.25 27.17677669529664 19.82322330470336 255 255 255
4.25 27.25 20 255 255 255
4.25 27.17677669529664 20.17677669529664 255 255 255
4.25 27 20.25 255 255 255
4.25 26.82322330470336 20.17677669529664 255 255 255
4.25 26.75 20 255 255 255
4.25 26.82322330470336 19.82322330470336 255 255 255
43.75 14.5 11.75 255 255 255
43.75 14.676776695296637 11.823223304703363 255 255 255
43.75 14.75 12 255 255 255
43.75 14.676776695296637 12.176776695296637 255 255 255
43.75 14.5 12.25 255 255 255
43.75 14.323223304703363 12.176776695296637 255 255 255
43.75 14.25 12 255 255 255
43.75 14.323223304703363 11.823223304703363 255 255 255
46.25 14.5 11.75 255 255 255
46.25 14.676776695296637 11.823223304703363 255 255 255
46.25 14.75 12 255 255 255
46.25 14.676776695296637 12.176776695296637 255 255 255
46.25 14.5 12.25 255 255 255
46.25 14.323223304703363 12.176776695296637 255 255 255
46.25 14.25 12 255 255 255
46.25 14.323223304703363 11.823223304703363 255 255 255
43.75 27 3.75 255 255 255
43.75 27.17677669529664 3.823223304703363 255 255 255
43.75 27.25 4 255 255 255
43.75 27.17677669529664 4.1767766952966365 255 255 255
43.75 27 4.25 255 255 255
43.75 26.82322330470336 4.1767766952966365 255 255 255
43.75 26.75 4 255 255 255
43.75 26.82322330470336 3.823223304703363 255 255 255
48.25 27 3.75 255 255 255
48.25 27.17677669529664 3.823223304703363 255 255 255
48.25 27.25 4 255 255 255
48.25 27.17677669529664 4.1767766952966365 255 255 255
48.25 27 4.25 255 255 255
48.25 26.82322330470336 4.1767766952966365 255 255 255
48.25 26.75 4 255 255 255
48.25 26.82322330470336 3.823223304703363 255 255 255
43.75 27 19.75 255 255 255
43.75 27.17677669529664 19.82322330470336 255 255 255
43.75 27.25 20 255 255 255
43.75 27.17677669529664 20.17677669529664 255 255 255
43.75 27 20.25 255 255 255
43.75 26.82322330470336 20.17677669529664 255 255 255
43.75 26.75 20 255 255 255
43.75 26.82322330470336 19.82322330470336 255 255 255
48.25 27 19.75 255 255 255
48.25 27.17677669529664 19.82322330470336 255 255 255
48.25 27.25 20 255 255 255
48.25 27.17677669529664 20.17677669529664 255 255 255
48.25 27 20.25 255 255 255
48.25 26.82322330470336 20.17677669529664 255 255 255
48.25 26.75 20 255 255 255
48.25 26.82322330470336 19.82322330470336 255 255 255
1.75 4 4.75 255 255 255
1.75 4.1767766952966365 4.8232233047033635 255 255 255
1.75 4.25 5 255 255 255
1.75 4.1767766952966365 5.1767766952966365 255 255 255
1.75 4 5.25 255 255 255
1.75 3.823223304703363 5.1767766952966365 255 255 255
1.75 3.75 5 255 255 255
1.75 3.823223304703363 4.8232233047033635 255 255 255
46.25 4 4.75 255 255 255
46.25 4.1767766952966365 4.8232233047033635 255 255 255
46.25 4.25 5 255 255 255
46.25 4.1767766952966365 5.1767766952966365 255 255 255
46.25 4 5.25 255 255 255
46.25 3.823223304703363 5.1767766952966365 255 255 255
46.25 3.75 5 255 255 255
46.25 3.823223304703363 4.8232233047033635 255 255 255
3 0 1 2
3 0 2 3
3 7 6 5
3 7 5 4
3 0 4 5
3 0 5 1
3 1 5 6
3 1 6 2
3 2 6 7
3 2 7 3
3 3 7 4
3 3 4 0
3 8 9 10
3 8 10 11
3 15 14 13
3 15 13 12
3 8 12 13
3 8 13 9
3 9 13 14
3 9 14 10
3 10 14 15
3 10 15 11
3 11 15 12
3 11 12 8
3 16 17 18
3 16 18 19
3 23 22 21
3 23 21 20
3 16 20 21
3 16 21 17
3 17 21 22
3 17 22 18
3 18 22 23
3 18 23 19
3 19 23 20
3 19 20 16
3 24 25 26
3 24 26 27
3 31 30 29
3 31 29 28
3 24 28 29
3 24 29 25
3 25 29 30
3 25 30 26
3 26 30 31
3 26 31 27
3 27 31 28
3 27 28 24
3 32 33 34
3 32 34 35
3 39 38 37
3 39 37 36
3 32 36 37
3 32 37 33
3 33 37 38
3 33 38 34
3 34 38 39
3 34 39 35
3 35 39 36
3 35 36 32
3 40 41 42
3 40 42 43
3 47 46 45
3 47 45 44
3 40 44 45
3 40 45 41
3 41 45 46
3 41 46 42
3 42 46 47
3 42 47 43
3 43 47 44
3 43 44 40
3 48 49 53
3 48 53 52
3 49 50 54
3 49 54 53
3 50 51 55
3 50 55 54
3 51 48 52
3 51 52 55
3 51 50 49
3 51 49 48
3 52 53 54
3 52 54 55
3 56 57 61
3 56 61 60
3 57 58 62
3 57 62 61
3 58 59 63
3 58 63 62
3 59 56 60
3 59 60 63
3 59 58 57
3 59 57 56
3 60 61 62
3 60 62 63
3 64 65 69
3 64 69 68
3 65 66 70
3 65 70 69
3 66 67 71
3 66 71 70
3 67 64 68
3 67 68 71
3 67 66 65
3 67 65 64
3 68 69 70
3 68 70 71
3 72 73 77
3 72 77 76
3 73 74 78
3 73 78 77
3 74 75 79
3 74 79 78
3 75 72 76
3 75 76 79
3 75 74 73
3 75 73 72
3 76 77 78
3 76 78 79
3 80 81 89
3 80 89 88
3 81 82 90
3 81 90 89
3 82 83 91
3 82 91 90
3 83 84 92
3 83 92 91
3 84 85 93
3 84 93 92
3 85 86 94
3 85 94 93
3 86 87 95
3 86 95 94
3 87 80 88
3 87 88 95
3 87 86 85
3 87 85 84
3 87 84 83
3 87 83 82
3 87 82 81
3 87 81 80
3 88 89 90
3 88 90 91
3 88 91 92
3 88 92 93
3 88 93 94
3 88 94 95
3 96 97 105
3 96 105 104
3 97 98 106
3 97 106 105
3 98 99 107
3 98 107 106
3 99 100 108
3 99 108 107
3 100 101 109
3 100 109 108
3 101 102 110
3 101 110 109
3 102 103 111
3 102 111 110
3 103 96 104
3 103 104 111
3 103 102 101
3 103 101 100
3 103 100 99
3 103 99 98
3 103 98 97
3 103 97 96
3 104 105 106
3 104 106 107
3 104 107 108
3 104 108 109
3 104 109 110
3 104 110 111
3 112 113 121
3 112 121 120
3 113 114 122
3 113 122 121
3 114 115 123
3 114 123 122
3 115 116 124
3 115 124 123
3 116 117 125
3 116 125 124
3 117 118 126
3 117 126 125
3 118 119 127
3 118 127 126
3 119 112 120
3 119 120 127
3 119 118 117
3 119 117 116
3 119 116 115
3 119 115 114
3 119 114 113
3 119 113 112
3 120 121 122
3 120 122 123
3 120 123 124
3 120 124 125
3 120 125 126
3 120 126 127
3 128 129 137
3 128 137 136
3 129 130 138
3 129 138 137
3 130 131 139
3 130 139 138
3 131 132 140
3 131 140 139
3 132 133 141
3 132 141 140
3 133 134 142
3 133 142 141
3 134 135 143
3 134 143 142
3 135 128 136
3 135 136 143
3 135 134 133
3 135 133 132
3 135 132 131
3 135 131 130
3 135 130 129
3 135 129 128
3 136 137 138
3 136 138 139
3 136 139 140
3 136 140 141
3 136 141 142
3 136 142 143
3 144 145 153
3 144 153 152
3 145 146 154
3 145 154 153
3 146 147 155
3 146 155 154
3 147 148 156
3 147 156 155
3 148 149 157
3 148 157 156
3 149 150 158
3 149 158 157
3 150 151 159
3 150 159 158
3 151 144 152
3 151 152 159
3 151 150 149
3 151 149 148
3 151 148 147
3 151 147 146
3 151 146 145
3 151 145 144
3 152 153 154
3 152 154 155
3 152 155 156
3 152 156 157
3 152 157 158
3 152 158 159
3 160 161 169
3 160 169 168
3 161 162 170
3 161 170 169
3 162 163 171
3 162 171 170
3 163 164 172
3 163 172 171
3 164 165 173
3 164 173 172
3 165 166 174
3 165 174 173
3 166 167 175
3 166 175 174
3 167 160 168
3 167 168 175
3 167 166 165
3 167 165 164
3 167 164 163
3 167 163 162
3 167 162 161
3 167 161 160
3 168 169 170
3 168 170 171
3 168 171 172
3 168 172 173
3 168 173 174
3 168 174 175
3 176 177 185
3 176 185 184
3 177 178 186
3 177 186 185
3 178 179 187
3 178 187 186
3 179 180 188
3 179 188 187
3 180 181 189
3 180 189 188
3 181 182 190
3 181 190 189
3 182 183 191
3 182 191 190
3 183 176 184
3 183 184 191
3 183 182 181
3 183 181 180
3 183 180 179
3 183 179 178
3 183 178 177
3 183 177 176
3 184 185 186
3 184 186 187
3 184 187 188
3 184 188 189
3 184 189 190
3 184 190 191

