ply
format ascii 1.0
element vertex 120
property float x
property float y
property float z
property uchar red
property uchar green
property uchar blue
element face 192
property list uchar int vertex_index
end_header
-24 12 -18 0 255 255
-24 11 -18 0 255 255
-24 11 6 0 255 255
-24 12 6 0 255 255
24 12 -18 0 255 255
24 11 -18 0 255 255
24 11 6 0 255 255
24 12 6 0 255 255
-24 11 -18 0 0 255
-24 7 -18 0 0 255
-24 7 -16 0 0 255
-24 11 -16 0 0 255
24 11 -18 0 0 255
24 7 -18 0 0 255
24 7 -16 0 0 255
24 11 -16 0 0 255
-24 11 4 0 0 255
-24 7 4 0 0 255
-24 7 6 0 0 255
-24 11 6 0 0 255
24 11 4 0 0 255
24 7 4 0 0 255
24 7 6 0 0 255
24 11 6 0 0 255
-24 11 4 0 0 255
-24 7 4 0 0 255
-24 7 6 0 0 255
-24 11 6 0 0 255
24 11 4 0 0 255
24 7 4 0 0 255
24 7 6 0 0 255
24 11 6 0 0 255
-24 11 -16 255 0 255
-24 7 -16 255 0 255
-24 7 4 255 0 255
-24 11 4 255 0 255
-22 11 -16 255 0 255
-22 7 -16 255 0 255
-22 7 4 255 0 255
-22 11 4 255 0 255
22 11 -16 255 0 255
22 7 -16 255 0 255
22 7 4 255 0 255
22 11 4 255 0 255
24 11 -16 255 0 255
24 7 -16 255 0 255
24 7 4 255 0 255
24 11 4 255 0 255
-22 11 -7 255 0 0
-22 7 -7 255 0 0
-22 7 -5 255 0 0
-22 11 -5 255 0 0
22 11 -7 255 0 0
22 7 -7 255 0 0
22 7 -5 255 0 0
22 11 -5 255 0 0
-20 11 -18 255 255 255
-20 -25 2 255 255 255
-20 -25 6 255 255 255
-20 11 -14 255 255 255
-22 11 -18 255 255 255
-22 -25 2 255 255 255
-22 -25 6 255 255 255
-22 11 -14 255 255 255
22 11 -18 255 255 255
22 -25 2 255 255 255
22 -25 6 255 255 255
22 11 -14 255 255 255
20 11 -18 255 255 255
20 -25 2 255 255 255
20 -25 6 255 255 255
20 11 -14 255 255 255
-21.9375 11 6 255 255 0
-21.9375 -25 -14 255 255 0
-21.9375 -25 -18 255 255 0
-21.9375 11 2 255 255 0
-19.9375 11 6 255 255 0
-19.9375 -25 -14 255 255 0
-19.9375 -25 -18 255 255 0
-19.9375 11 2 255 255 0
19.9375 11 6 255 255 0
19.9375 -25 -14 255 255 0
19.9375 -25 -18 255 255 0
19.9375 11 2 255 255 0
21.9375 11 6 255 255 0
21.9375 -25 -14 255 255 0
21.9375 -25 -18 255 255 0
21.9375 11 2 255 255 0
-22.0625 -19 -13 0 255 0
-22.0625 -19.076120467488714 -12.61731656763491 0 255 0
-22.0625 -19.292893218813454 -12.292893218813452 0 255 0
-22.0625 -19.61731656763491 -12.076120467488714 0 255 0
-22.0625 -20 -12 0 255 0
-22.0625 -20.38268343236509 -12.076120467488714 0 255 0
-22.0625 -20.707106781186546 -12.292893218813452 0 255 0
-22.0625 -20.923879532511286 -12.61731656763491 0 255 0
-22.0625 -21 -13 0 255 0
-22.0625 -20.923879532511286 -13.38268343236509 0 255 0
-22.0625 -20.707106781186546 -13.707106781186548 0 255 0
-22.0625 -20.38268343236509 -13.923879532511286 0 255 0
-22.0625 -20 -14 0 255 0
-22.0625 -19.61731656763491 -13.923879532511286 0 255 0
-22.0625 -19.292893218813454 -13.707106781186548 0 255 0
-22.0625 -19.076120467488714 -13.382683432365091 0 255 0
22.0625 -19 -13 0 255 0
22.0625 -19.076120467488714 -12.61731656763491 0 255 0
22.0625 -19.292893218813454 -12.292893218813452 0 255 0
22.0625 -19.61731656763491 -12.076120467488714 0 255 0
22.0625 -20 -12 0 255 0
22.0625 -20.38268343236509 -12.076120467488714 0 255 0
22.0625 -20.707106781186546 -12.292893218813452 0 255 0
22.0625 -20.923879532511286 -12.61731656763491 0 255 0
22.0625 -21 -13 0 255 0
22.0625 -20.923879532511286 -13.38268343236509 0 255 0
22.0625 -20.707106781186546 -13.707106781186548 0 255 0
22.0625 -20.38268343236509 -13.923879532511286 0 255 0
22.0625 -20 -14 0 255 0
22.0625 -19.61731656763491 -13.923879532511286 0 255 0
22.0625 -19.292893218813454 -13.707106781186548 0 255 0
22.0625 -19.076120467488714 -13.382683432365091 0 255 0
3 0 1 2
3 0 2 3
3 7 6 5
3 7 5 4
3 0 4 5
3 0 5 1
3 1 5 6
3 1 6 2
3 2 6 7
3 2 7 3
3 3 7 4
3 3 4 0
3 8 9 10
3 8 10 11
3 15 14 13
3 15 13 12
3 8 12 13
3 8 13 9
3 9 13 14
3 9 14 10
3 10 14 15
3 10 15 11
3 11 15 12
3 11 12 8
3 16 17 18
3 16 18 19
3 23 22 21
3 23 21 20
3 16 20 21
3 16 21 17
3 17 21 22
3 17 22 18
3 18 22 23
3 18 23 19
3 19 23 20
3 19 20 16
3 24 25 26
3 24 26 27
3 31 30 29
3 31 29 28
3 24 28 29
3 24 29 25
3 25 29 30
3 25 30 26
3 26 30 31
3 26 31 27
3 27 31 28
3 27 28 24
3 32 33 34
3 32 34 35
3 39 38 37
3 39 37 36
3 32 36 37
3 32 37 33
3 33 37 38
3 33 38 34
3 34 38 39
3 34 39 35
3 35 39 36
3 35 36 32
3 40 41 42
3 40 42 43
3 47 46 45
3 47 45 44
3 40 44 45
3 40 45 41
3 41 45 46
3 41 46 42
3 42 46 47
3 42 47 43
3 43 47 44
3 43 44 40
3 48 49 50
3 48 50 51
3 55 54 53
3 55 53 52
3 48 52 53
3 48 53 49
3 49 53 54
3 49 54 50
3 50 54 55
3 50 55 51
3 51 55 52
3 51 52 48
3 56 57 61
3 56 61 60
3 57 58 62
3 57 62 61
3 58 59 63
3 58 63 62
3 59 56 60
3 59 60 63
3 59 58 57
3 59 57 56
3 60 61 62
3 60 62 63
3 64 65 69
3 64 69 68
3 65 66 70
3 65 70 69
3 66 67 71
3 66 71 70
3 67 64 68
3 67 68 71
3 67 66 65
3 67 65 64
3 68 69 70
3 68 70 71
3 72 73 77
3 72 77 76
3 73 74 78
3 73 78 77
3 74 75 79
3 74 79 78
3 75 72 76
3 75 76 79
3 75 74 73
3 75 73 72
3 76 77 78
3 76 78 79
3 80 81 85
3 80 85 84
3 81 82 86
3 81 86 85
3 82 83 87
3 82 87 86
3 83 80 84
3 83 84 87
3 83 82 81
3 83 81 80
3 84 85 86
3 84 86 87
3 88 89 105
3 88 105 104
3 89 90 106
3 89 106 105
3 90 91 107
3 90 107 106
3 91 92 108
3 91 108 107
3 92 93 109
3 92 109 108
3 93 94 110
3 93 110 109
3 94 95 111
3 94 111 110
3 95 96 112
3 95 112 111
3 96 97 113
3 96 113 112
3 97 98 114
3 97 114 113
3 98 99 115
3 98 115 114
3 99 100 116
3 99 116 115
3 100 101 117
3 100 117 116
3 101 102 118
3 101 118 117
3 102 103 119
3 102 119 118
3 103 88 104
3 103 104 119
3 103 102 101
3 103 101 100
3 103 100 99
3 103 99 98
3 103 98 97
3 103 97 96
3 103 96 95
3 103 95 94
3 103 94 93
3 103 93 92
3 103 92 91
3 103 91 90
3 103 90 89
3 103 89 88
3 104 105 106
3 104 106 107
3 104 107 108
3 104 108 109
3 104 109 110
3 104 110 111
3 104 111 112
3 104 112 113
3 104 113 114
3 104 114 115
3 104 115 116
3 104 116 117
3 104 117 118
3 104 118 119
